1. Таблица идентификаторов
        Номер         Лексема
         1                             x
         2                             y
         3                        result

2. Таблица констант
        НомерЛексема
         1                   0
         2                   1

3. Таблица ключевых слов
        Номер          Лексема
         1                           int
         2                         while
         3                          read
         4                         write

4. Таблица операторов
        Номер Лексема
         1                   +
         6                   =
         9                   <
        16                   (
        17                   )
        18                   {
        19                   }
        20                   ;

    Поток токенов
   ТаблицаНомер строки
         3                   1
         1                   1
         4                  20
         3                   1
         1                   2
         4                  20
         3                   1
         1                   3
         4                  20
         3                   3
         4                  16
         1                   1
         4                  17
         4                  20
         3                   3
         4                  16
         1                   2
         4                  17
         4                  20
         1                   3
         4                   6
         2                   1
         4                  20
         3                   2
         4                  16
         1                   1
         4                   9
         1                   2
         4                  17
         4                  18
         1                   3
         4                   6
         1                   3
         4                   1
         1                   1
         4                  20
         3                   4
         4                  16
         1                   3
         4                  17
         4                  20
         1                   1
         4                   6
         1                   1
         4                   1
         2                   2
         4                  20
         4                  19
